
SELECT '' AS \"Record\", e.\"JOB NUMBER\", e.\"FSC YN\" FROM SOPlive_dosrun..ESTIMATE e WHERE e.\"JOB NUMBER\" IN 
( 
	34778,35985,36651,36741,36766,36773,36855,36862,36884,36918,36966,37103,37116,37131,37164,37221,37228,37233,37244,37336,37430,37543,37545,37566,
	37700,37788,37809,37837,37907,37985,37985,38019,38102,38111,38132,38133,38139,38232,38237,38240,38397,38450,38473,38476,38644,38662,38694,38765,
	38822,38847,38849,38877,38907,38909,38998,39041,39074,39076,39098,39140,39140,39142,39153,39156,39161,39170,39179,39212,39220,39235,39248,39256,
	39268,39272,39288,39295,39296,39342,39437,39476,39485,39494,39497,39555,39647,39676,39707,39727,39766,39778,39838,39888,39891,39954,39967,39993,
	39999,40021,40025,40028,40028,40031,40047,40106,40153,40169,40233,40250,40252,40266,40273,40276,40291,40438,40484,40486,40488,40554,40682,40682,
	40682,40682,40698,40724,40726,40732,40740,40740,40780,40879,40881,40907,40923,40944,40951,40991,41010,41012,41020,41060,41087,41114,41117,41194,
	41195,41197,41249,41309,41413,41470,41470,41471,41496,41512,41541,41547,41558,41574,41605,41605,41640,41682,41708,41737,41763,41763,41778,41779,
	41779,41786,41813,41825,41825,41838,41838,41842,41894,41910,41915,41935,41942,41949,42063,42078,42080,42096,42096,42101,42151,42162,42173,42328,
	42353,42359,42390,42422,42461,42468,42468,42477,42478,42488,42530,42579,42589,42628,42666,42678,42684,42686,42687,42690,42695,42709,42723,42746,
	42749,42987,43029,43247,43319,43320,43489,43625,43641,43674,43737,43739,43765,43787,43787,43831,43881,44051,44058,44163,44189,44193,44223,44233,
	44242,44252,44259,44259,44317,44327,44398,44404,44446,44446,44455,44463,44463,44468,44523,44585,44658,44682,44799,44815,44835,44870,44874,44891,
	44917,44918,44996,45047,45084,45088,45091,45152,45163,45206,45209,45290,45290,45327,45330,45444,45466,45474,45479,45517,45531,45531,45600,45604,
	45652,45657,45689,45706,45760,45760,45832,45843,45862,45944,46009,46022,46038,46069,46124,46188,46195,46207,46343,46397,46398,46400,46410,46410,
	46418,46454,46454,46459,46492,46492,46530,46587,46599,46609,46640,46640,46642,46658,46660,46690,46693,46711,46725,46811,46850,46852,46966,47007,
	47009,47011,47012,47014,47117,47210,47227,47232,47243,47250,47267,47280,47300,47313,47328,47373,47451,47482,47583,47585,47591,47618,47656,47733,
	47778,47808,47889
) 
ORDER BY e.\"JOB NUMBER\"

